
R version 3.5.2 RC (2018-12-13 r75856) -- "Eggshell Igloo"
Copyright (C) 2018 The R Foundation for Statistical Computing
Platform: x86_64-pc-linux-gnu (64-bit)

R is free software and comes with ABSOLUTELY NO WARRANTY.
You are welcome to redistribute it under certain conditions.
Type 'license()' or 'licence()' for distribution details.

R is a collaborative project with many contributors.
Type 'contributors()' for more information and
'citation()' on how to cite R or R packages in publications.

Type 'demo()' for some demos, 'help()' for on-line help, or
'help.start()' for an HTML browser interface to help.
Type 'q()' to quit R.

> ## tests of R functions based on the lapack module
> 
> ## NB: the signs of singular and eigenvectors are arbitrary,
> ## so there may be differences from the reference ouptut,
> ## especially when alternative BLAS are used.
> 
> options(digits = 4L)
> 
> ##    -------  examples from ?svd ---------
> 
> hilbert <- function(n) { i <- 1:n; 1 / outer(i - 1, i, "+") }
> Eps <- 100 * .Machine$double.eps
> 
> ## The signs of the vectors are not determined here, so don't print
> X <- hilbert(9L)[, 1:6]
> s <- svd(X); D <- diag(s$d)
> stopifnot(abs(X - s$u %*% D %*% t(s$v)) < Eps)#  X = U D V'
> stopifnot(abs(D - t(s$u) %*% X %*% s$v) < Eps)#  D = U' X V
> 
> ## ditto
> X <- cbind(1, 1:7)
> s <- svd(X); D <- diag(s$d)
> stopifnot(abs(X - s$u %*% D %*% t(s$v)) < Eps)#  X = U D V'
> stopifnot(abs(D - t(s$u) %*% X %*% s$v) < Eps)#  D = U' X V
> 
> # test nu and nv
> s <- svd(X, nu = 0L)
> s <- svd(X, nu = 7L) # the last 5 columns are not determined here
> stopifnot(dim(s$u) == c(7L,7L))
> s <- svd(X, nv = 0L)
> 
> # test of complex case
> 
> X <- cbind(1, 1:7+(-3:3)*1i)
> s <- svd(X); D <- diag(s$d)
> stopifnot(abs(X - s$u %*% D %*% Conj(t(s$v))) < Eps)
> stopifnot(abs(D - Conj(t(s$u)) %*% X %*% s$v) < Eps)
> 
> 
> 
> ##  -------  tests of random real and complex matrices ------
> fixsign <- function(A) {
+     A[] <- apply(A, 2L, function(x) x*sign(Re(x[1L])))
+     A
+ }
> ##			       100  may cause failures here.
> eigenok <- function(A, E, Eps=1000*.Machine$double.eps)
+ {
+     print(fixsign(E$vectors))
+     print(zapsmall(E$values))
+     V <- E$vectors; lam <- E$values
+     stopifnot(abs(A %*% V - V %*% diag(lam)) < Eps,
+               abs(lam[length(lam)]/lam[1]) < Eps | # this one not for singular A :
+               abs(A - V %*% diag(lam) %*% t(V)) < Eps)
+ }
> 
> Ceigenok <- function(A, E, Eps=1000*.Machine$double.eps)
+ {
+     print(fixsign(E$vectors))
+     print(signif(E$values, 5))
+     V <- E$vectors; lam <- E$values
+     stopifnot(Mod(A %*% V - V %*% diag(lam)) < Eps,
+               Mod(A - V %*% diag(lam) %*% Conj(t(V))) < Eps)
+ }
> 
> ## failed for some 64bit-Lapack-gcc combinations:
> sm <- cbind(1, 3:1, 1:3)
> eigenok(sm, eigen(sm))
       [,1]    [,2]    [,3]
[1,] 0.5774  0.8452  0.9428
[2,] 0.5774  0.1690 -0.2357
[3,] 0.5774 -0.5071 -0.2357
[1] 5 1 0
> eigenok(sm, eigen(sm, sym=FALSE))
       [,1]    [,2]    [,3]
[1,] 0.5774  0.8452  0.9428
[2,] 0.5774  0.1690 -0.2357
[3,] 0.5774 -0.5071 -0.2357
[1] 5 1 0
> 
> set.seed(123)
> sm <- matrix(rnorm(25), 5, 5)
> sm <- 0.5 * (sm + t(sm))
> eigenok(sm, eigen(sm))
        [,1]    [,2]     [,3]      [,4]    [,5]
[1,]  0.5899  0.1683  0.02315  0.471808  0.6329
[2,]  0.1936  0.2931  0.89217 -0.009784 -0.2838
[3,]  0.6627 -0.4812 -0.15825  0.082550 -0.5454
[4,]  0.1404  0.7985 -0.41848  0.094314 -0.3983
[5,] -0.3946 -0.1285  0.05768  0.872692 -0.2507
[1]  1.7814  1.5184  0.5833 -1.0148 -2.4908
> eigenok(sm, eigen(sm, sym=FALSE))
        [,1]    [,2]    [,3]      [,4]     [,5]
[1,]  0.6329  0.5899  0.1683  0.471808  0.02315
[2,] -0.2838  0.1936  0.2931 -0.009784  0.89217
[3,] -0.5454  0.6627 -0.4812  0.082550 -0.15825
[4,] -0.3983  0.1404  0.7985  0.094314 -0.41848
[5,] -0.2507 -0.3946 -0.1285  0.872692  0.05768
[1] -2.4908  1.7814  1.5184 -1.0148  0.5833
> 
> sm[] <- as.complex(sm)
> Ceigenok(sm, eigen(sm))
           [,1]       [,2]        [,3]         [,4]       [,5]
[1,]  0.5899+0i  0.1683+0i  0.02315+0i  0.471808+0i  0.6329+0i
[2,]  0.1936+0i  0.2931+0i  0.89217+0i -0.009784+0i -0.2838+0i
[3,]  0.6627+0i -0.4812+0i -0.15825+0i  0.082550+0i -0.5454+0i
[4,]  0.1404+0i  0.7985+0i -0.41848+0i  0.094314+0i -0.3983+0i
[5,] -0.3946+0i -0.1285+0i  0.05768+0i  0.872692+0i -0.2507+0i
[1]  1.7814  1.5184  0.5833 -1.0148 -2.4908
> Ceigenok(sm, eigen(sm, sym=FALSE))
           [,1]       [,2]       [,3